Results
4 : 25

[501622, 501620, 501617, 501618]= 1769
[501622, 501620, 501617, 201634]= 1656
[501622, 501620, 501618, 201634]= 1609
[501622, 501617, 501618, 201634]= 2134
[501632, 501617, 501618, 201634]= 1724
[501615, 501616, 501617, 201634]= 1874
[501615, 501617, 501618, 201634]= 2003
[501626, 501617, 501618, 201634]= 1971
[501642, 501617, 501618, 201634]= 1779
[501604, 501616, 501617, 201634]= 2147
[501625, 501620, 501617, 501618]= 2430
[501625, 501620, 501618, 201634]= 2553
[501625, 501616, 501617, 501618]= 2687
[501625, 501616, 501617, 201634]= 2828
[501625, 501616, 501618, 201634]= 2890
[501625, 501617, 501618, 201634]= 3972
[501614, 501616, 501617, 501618]= 5049
[501614, 501616, 501617, 201634]= 6166
[501614, 501616, 501618, 201634]= 5605
[501614, 501617, 501618, 201634]= 6701
[501620, 501616, 501617, 501618]= 5887
[501620, 501616, 501617, 201634]= 7099
[501620, 501616, 501618, 201634]= 6191
[501620, 501617, 501618, 201634]= 8680
[501616, 501617, 501618, 201634]= 10785
3 : 115

[501622, 501625, 501617]= 1446
[501622, 501625, 501618]= 1518
[501622, 501625, 201634]= 1568
[501622, 501614, 501617]= 1486
[501622, 501614, 501618]= 1564
[501622, 501614, 201634]= 1569
[501622, 501620, 501616]= 1762
[501622, 501620, 501617]= 2853
[501622, 501620, 501618]= 2733
[501622, 501620, 201634]= 2830
[501622, 501616, 501617]= 2239
[501622, 501616, 501618]= 2066
[501622, 501616, 201634]= 2277
[501622, 501617, 501618]= 3543
[501622, 501617, 201634]= 3476
[501622, 501618, 201634]= 3591
[501632, 501614, 201634]= 1572
[501632, 501620, 501617]= 2029
[501632, 501620, 501618]= 2106
[501632, 501620, 201634]= 2295
[501632, 501616, 501617]= 1927
[501632, 501616, 501618]= 1964
[501632, 501616, 201634]= 2278
[501632, 501617, 501618]= 2944
[501632, 501617, 201634]= 2972
[501632, 501618, 201634]= 3412
[501615, 501614, 501617]= 1679
[501615, 501614, 201634]= 1975
[501615, 501620, 501616]= 2048
[501615, 501620, 501617]= 2420
[501615, 501620, 501618]= 2202
[501615, 501620, 201634]= 2713
[501615, 501616, 501617]= 2961
[501615, 501616, 501618]= 2454
[501615, 501616, 201634]= 3515
[501615, 501617, 501618]= 3202
[501615, 501617, 201634]= 3752
[501615, 501618, 201634]= 3621
[501626, 501614, 201634]= 1691
[501626, 501620, 501616]= 1788
[501626, 501620, 501617]= 2584
[501626, 501620, 501618]= 2693
[501626, 501620, 201634]= 2987
[501626, 501616, 501617]= 2280
[501626, 501616, 501618]= 2122
[501626, 501616, 201634]= 2625
[501626, 501617, 501618]= 3267
[501626, 501617, 201634]= 3546
[501626, 501618, 201634]= 3909
[501642, 501614, 201634]= 1692
[501642, 501620, 501617]= 2012
[501642, 501620, 501618]= 1975
[501642, 501620, 201634]= 2440
[501642, 501616, 501617]= 2294
[501642, 501616, 501618]= 1997
[501642, 501616, 201634]= 2737
[501642, 501617, 501618]= 2856
[501642, 501617, 201634]= 3309
[501642, 501618, 201634]= 3387
[501604, 501614, 501616]= 2238
[501604, 501614, 501617]= 2121
[501604, 501614, 201634]= 2560
[501604, 501620, 501616]= 2415
[501604, 501620, 501617]= 2518
[501604, 501620, 501618]= 2528
[501604, 501620, 201634]= 3120
[501604, 501616, 501617]= 3490
[501604, 501616, 501618]= 3121
[501604, 501616, 201634]= 4407
[501604, 501617, 501618]= 3465
[501604, 501617, 201634]= 4028
[501604, 501618, 201634]= 4171
[501625, 501614, 501616]= 2693
[501625, 501614, 501617]= 3152
[501625, 501614, 501618]= 3438
[501625, 501614, 201634]= 3522
[501625, 501620, 501616]= 2846
[501625, 501620, 501617]= 3842
[501625, 501620, 501618]= 4063
[501625, 501620, 201634]= 4267
[501625, 501616, 501617]= 4382
[501625, 501616, 501618]= 4455
[501625, 501616, 201634]= 5065
[501625, 501617, 501618]= 6209
[501625, 501617, 201634]= 6257
[501625, 501618, 201634]= 7079
[501641, 501620, 501617]= 2800
[501641, 501620, 501618]= 2786
[501641, 501620, 201634]= 3422
[501641, 501616, 501617]= 3397
[501641, 501616, 501618]= 2934
[501641, 501616, 201634]= 4200
[501641, 501617, 501618]= 4105
[501641, 501617, 201634]= 4855
[501641, 501618, 201634]= 4999
[501614, 501620, 501616]= 5090
[501614, 501620, 501617]= 5924
[501614, 501620, 501618]= 5816
[501614, 501620, 201634]= 6792
[501614, 501616, 501617]= 9015
[501614, 501616, 501618]= 8218
[501614, 501616, 201634]= 10859
[501614, 501617, 501618]= 9912
[501614, 501617, 201634]= 11385
[501614, 501618, 201634]= 11479
[501620, 501616, 501617]= 10983
[501620, 501616, 501618]= 9433
[501620, 501616, 201634]= 12455
[501620, 501617, 501618]= 13486
[501620, 501617, 201634]= 14988
[501620, 501618, 201634]= 15126
[501616, 501617, 501618]= 15842
[501616, 501617, 201634]= 19668
[501616, 501618, 201634]= 18170
[501617, 501618, 201634]= 23469
2 : 98

[157204, 157202]= 1151
[233019, 233018]= 1958
[219316, 219315]= 1339
[253614, 253613]= 4173
[219325, 219326]= 2269
[223008, 224004]= 2094
[167200, 101217]= 1485
[501622, 501632]= 1477
[501622, 501626]= 2100
[501622, 501625]= 2630
[501622, 501641]= 2105
[501622, 501614]= 2585
[501622, 501620]= 4910
[501622, 501616]= 3800
[501622, 501617]= 5849
[501622, 501618]= 5941
[501622, 201634]= 6459
[224169, 101217]= 1518
[253603, 152004]= 1627
[501632, 501615]= 1571
[501632, 501626]= 1995
[501632, 501604]= 2216
[501632, 501625]= 2214
[501632, 501641]= 2756
[501632, 501614]= 2658
[501632, 501620]= 4217
[501632, 501616]= 3962
[501632, 501617]= 5183
[501632, 501618]= 5923
[501632, 201634]= 6780
[223154, 223153]= 1987
[224171, 101217]= 2240
[501615, 501626]= 1719
[501615, 501604]= 2212
[501615, 501625]= 2029
[501615, 501641]= 1993
[501615, 501614]= 3117
[501615, 501620]= 4704
[501615, 501616]= 5556
[501615, 501617]= 6108
[501615, 501618]= 5824
[501615, 201634]= 7655
[501626, 501604]= 1966
[501626, 501625]= 2598
[501626, 501641]= 2500
[501626, 501614]= 2803
[501626, 501620]= 5189
[501626, 501616]= 4365
[501626, 501617]= 5909
[501626, 501618]= 6496
[501626, 201634]= 7536
[223004, 224004]= 2867
[501642, 501625]= 1763
[501642, 501614]= 2716
[501642, 501620]= 4218
[501642, 501616]= 4484
[501642, 501617]= 5390
[501642, 501618]= 5596
[501642, 201634]= 7098
[253601, 152004]= 2064
[501604, 501625]= 2556
[501604, 501641]= 3134
[501604, 501614]= 4159
[501604, 501620]= 5518
[501604, 501616]= 7330
[501604, 501617]= 6868
[501604, 501618]= 7171
[501604, 201634]= 9476
[501625, 501641]= 3111
[501625, 501614]= 5540
[501625, 501620]= 6946
[501625, 501616]= 7861
[501625, 501617]= 9859
[501625, 501618]= 11085
[501625, 201634]= 11795
[501641, 501614]= 4080
[501641, 501620]= 6154
[501641, 501616]= 6943
[501641, 501617]= 8112
[501641, 501618]= 8357
[501641, 201634]= 10988
[245069, 152004]= 4738
[501614, 501620]= 10418
[501614, 501616]= 15882
[501614, 501617]= 16871
[501614, 501618]= 17154
[501614, 201634]= 20479
[166110, 101217]= 6156
[501620, 501616]= 19400
[501620, 501617]= 23790
[501620, 501618]= 23840
[501620, 201634]= 28082
[501616, 501617]= 29842
[501616, 501618]= 27086
[501616, 201634]= 35907
[501617, 501618]= 35906
[501617, 201634]= 39452
[501618, 201634]= 41727
1 : 146

250524= 8023
221317= 8084
157204= 8103
233019= 8138
209458= 8148
221316= 8336
210488= 8369
206052= 8372
202309= 8510
100141= 8528
220002= 8538
219316= 8656
100284= 8707
134504= 8743
245027= 8763
253614= 8805
219315= 8822
252236= 8845
100091= 8887
221555= 8970
175931= 9098
220312= 9118
201676= 9204
209178= 9223
144803= 9403
209158= 9423
219325= 9443
101003= 9604
201253= 9624
233018= 9626
161120= 9646
187913= 9679
213631= 9687
167300= 9722
158902= 9727
220013= 9814
192415= 9838
220311= 9969
201320= 10040
220004= 10052
101001= 10069
175969= 10071
209179= 10143
219326= 10220
245068= 10279
206045= 10427
223157= 10548
201325= 10572
132609= 10609
223008= 10652
220003= 10690
201538= 10833
167200= 10934
201531= 10982
501622= 11057
175720= 11290
163317= 11325
192401= 11350
162602= 11378
224169= 11539
204340= 11957
253603= 12059
253613= 12322
501632= 12378
162101= 12538
223154= 12695
206060= 12701
224171= 12848
501615= 12876
210472= 12883
163819= 12919
501626= 13182
162120= 13272
210410= 13330
223004= 13365
501642= 13397
217000= 13760
210426= 13903
152563= 14009
134444= 14172
223160= 14360
214212= 14382
161114= 14825
224004= 14991
162129= 15019
134442= 15094
132608= 15438
253601= 15687
210402= 15784
223153= 16413
223302= 16531
220014= 16704
162139= 16810
501604= 16819
210406= 16863
224009= 17197
220204= 17296
206044= 18166
206053= 18208
210460= 18392
162127= 18416
165117= 18809
166601= 18897
162138= 19023
501625= 19026
161609= 19042
245058= 19069
162130= 19384
157202= 19859
202300= 19931
202312= 20349
501641= 20454
152561= 20469
132606= 21401
158907= 21973
162124= 22296
202307= 22755
162608= 23291
220170= 24039
166655= 24535
150836= 25338
245069= 25826
162140= 27288
161613= 27537
221318= 29489
221168= 29525
201550= 29757
201672= 30608
501614= 31380
223006= 32262
214307= 32891
166110= 35136
162604= 36913
162123= 39538
167308= 43087
152004= 43559
501620= 46311
162621= 48050
161151= 48823
101217= 49618
201209= 54219
501616= 57169
501617= 63111
501618= 67243
201634= 78905
162603= 87259
