Results
5 : 37

[501619, 501620, 501617, 501618, 201634]= 390
[501619, 501616, 501617, 501618, 201634]= 307
[501640, 501620, 501617, 501618, 201634]= 363
[501622, 501625, 501617, 501618, 201634]= 560
[501622, 501614, 501617, 501618, 201634]= 607
[501622, 501620, 501616, 501617, 501618]= 738
[501622, 501620, 501616, 501617, 201634]= 691
[501622, 501620, 501616, 501618, 201634]= 619
[501622, 501620, 501617, 501618, 201634]= 1037
[501622, 501616, 501617, 501618, 201634]= 842
[501632, 501620, 501617, 501618, 201634]= 674
[501632, 501616, 501617, 501618, 201634]= 646
[501615, 501620, 501616, 501617, 501618]= 665
[501615, 501620, 501616, 501617, 201634]= 725
[501615, 501620, 501617, 501618, 201634]= 754
[501615, 501616, 501617, 501618, 201634]= 986
[501626, 501620, 501617, 501618, 201634]= 860
[501626, 501616, 501617, 501618, 201634]= 768
[501642, 501616, 501617, 501618, 201634]= 778
[501604, 501614, 501616, 501617, 201634]= 870
[501604, 501616, 501617, 501618, 201634]= 1037
[501625, 501614, 501616, 501617, 501618]= 1088
[501625, 501614, 501616, 501617, 201634]= 1033
[501625, 501614, 501616, 501618, 201634]= 1022
[501625, 501614, 501617, 501618, 201634]= 1309
[501625, 501620, 501616, 501617, 501618]= 1101
[501625, 501620, 501616, 501617, 201634]= 1063
[501625, 501620, 501616, 501618, 201634]= 1043
[501625, 501620, 501617, 501618, 201634]= 1515
[501625, 501616, 501617, 501618, 201634]= 1739
[501641, 501616, 501617, 501618, 201634]= 1043
[501614, 501620, 501616, 501617, 501618]= 1892
[501614, 501620, 501616, 501617, 201634]= 2038
[501614, 501620, 501616, 501618, 201634]= 1836
[501614, 501620, 501617, 501618, 201634]= 2328
[501614, 501616, 501617, 501618, 201634]= 3400
[501620, 501616, 501617, 501618, 201634]= 3921
4 : 204

[233029, 233022, 233019, 233018]= 382
[501619, 501625, 501617, 501618]= 325
[501619, 501625, 501618, 201634]= 324
[501619, 501614, 501620, 501617]= 336
[501619, 501614, 501620, 501618]= 362
[501619, 501614, 501620, 201634]= 324
[501619, 501614, 501616, 501618]= 315
[501619, 501614, 501616, 201634]= 307
[501619, 501614, 501617, 501618]= 424
[501619, 501614, 501617, 201634]= 372
[501619, 501614, 501618, 201634]= 408
[501619, 501620, 501616, 501617]= 454
[501619, 501620, 501616, 501618]= 419
[501619, 501620, 501616, 201634]= 463
[501619, 501620, 501617, 501618]= 669
[501619, 501620, 501617, 201634]= 665
[501619, 501620, 501618, 201634]= 700
[501619, 501616, 501617, 501618]= 510
[501619, 501616, 501617, 201634]= 540
[501619, 501616, 501618, 201634]= 521
[501619, 501617, 501618, 201634]= 834
[501640, 501614, 501617, 501618]= 389
[501640, 501614, 501617, 201634]= 362
[501640, 501614, 501618, 201634]= 388
[501640, 501620, 501616, 501617]= 480
[501640, 501620, 501616, 501618]= 413
[501640, 501620, 501616, 201634]= 466
[501640, 501620, 501617, 501618]= 659
[501640, 501620, 501617, 201634]= 632
[501640, 501620, 501618, 201634]= 624
[501640, 501616, 501617, 501618]= 569
[501640, 501616, 501617, 201634]= 613
[501640, 501616, 501618, 201634]= 520
[501640, 501617, 501618, 201634]= 807
[501622, 501626, 501617, 501618]= 609
[501622, 501626, 501617, 201634]= 588
[501622, 501626, 501618, 201634]= 616
[501622, 501625, 501620, 501617]= 735
[501622, 501625, 501620, 501618]= 731
[501622, 501625, 501620, 201634]= 691
[501622, 501625, 501616, 501617]= 597
[501622, 501625, 501616, 501618]= 573
[501622, 501625, 501616, 201634]= 563
[501622, 501625, 501617, 501618]= 944
[501622, 501625, 501617, 201634]= 837
[501622, 501625, 501618, 201634]= 922
[501622, 501641, 501617, 501618]= 649
[501622, 501641, 501617, 201634]= 606
[501622, 501641, 501618, 201634]= 602
[501622, 501614, 501620, 501617]= 748
[501622, 501614, 501620, 501618]= 742
[501622, 501614, 501620, 201634]= 687
[501622, 501614, 501616, 501617]= 693
[501622, 501614, 501616, 501618]= 687
[501622, 501614, 501616, 201634]= 653
[501622, 501614, 501617, 501618]= 1004
[501622, 501614, 501617, 201634]= 886
[501622, 501614, 501618, 201634]= 965
[501622, 501620, 501616, 501617]= 1149
[501622, 501620, 501616, 501618]= 1034
[501622, 501620, 501616, 201634]= 1049
[501622, 501620, 501617, 501618]= 1769
[501622, 501620, 501617, 201634]= 1656
[501622, 501620, 501618, 201634]= 1609
[501622, 501616, 501617, 501618]= 1363
[501622, 501616, 501617, 201634]= 1351
[501622, 501616, 501618, 201634]= 1275
[501622, 501617, 501618, 201634]= 2134
[501632, 501625, 501617, 501618]= 700
[501632, 501625, 501618, 201634]= 701
[501632, 501614, 501616, 501617]= 630
[501632, 501614, 501616, 501618]= 660
[501632, 501614, 501616, 201634]= 663
[501632, 501614, 501617, 501618]= 878
[501632, 501614, 501617, 201634]= 828
[501632, 501614, 501618, 201634]= 920
[501632, 501620, 501616, 501617]= 806
[501632, 501620, 501616, 501618]= 771
[501632, 501620, 501616, 201634]= 791
[501632, 501620, 501617, 501618]= 1175
[501632, 501620, 501617, 201634]= 1137
[501632, 501620, 501618, 201634]= 1179
[501632, 501616, 501617, 501618]= 1091
[501632, 501616, 501617, 201634]= 1124
[501632, 501616, 501618, 201634]= 1160
[501632, 501617, 501618, 201634]= 1724
[501615, 501625, 501617, 501618]= 649
[501615, 501614, 501620, 501617]= 723
[501615, 501614, 501620, 201634]= 678
[501615, 501614, 501616, 501617]= 918
[501615, 501614, 501616, 501618]= 830
[501615, 501614, 501616, 201634]= 1037
[501615, 501614, 501617, 501618]= 973
[501615, 501614, 501617, 201634]= 1066
[501615, 501614, 501618, 201634]= 1031
[501615, 501620, 501616, 501617]= 1210
[501615, 501620, 501616, 501618]= 947
[501615, 501620, 501616, 201634]= 1226
[501615, 501620, 501617, 501618]= 1304
[501615, 501620, 501617, 201634]= 1401
[501615, 501620, 501618, 201634]= 1301
[501615, 501616, 501617, 501618]= 1525
[501615, 501616, 501617, 201634]= 1874
[501615, 501616, 501618, 201634]= 1608
[501615, 501617, 501618, 201634]= 2003
[501626, 501625, 501617, 501618]= 791
[501626, 501625, 501617, 201634]= 767
[501626, 501625, 501618, 201634]= 861
[501626, 501614, 501620, 501617]= 704
[501626, 501614, 501620, 501618]= 663
[501626, 501614, 501616, 501617]= 726
[501626, 501614, 501616, 201634]= 737
[501626, 501614, 501617, 501618]= 909
[501626, 501614, 501617, 201634]= 906
[501626, 501614, 501618, 201634]= 925
[501626, 501620, 501616, 501617]= 1069
[501626, 501620, 501616, 501618]= 901
[501626, 501620, 501616, 201634]= 1066
[501626, 501620, 501617, 501618]= 1470
[501626, 501620, 501617, 201634]= 1498
[501626, 501620, 501618, 201634]= 1597
[501626, 501616, 501617, 501618]= 1244
[501626, 501616, 501617, 201634]= 1389
[501626, 501616, 501618, 201634]= 1307
[501626, 501617, 501618, 201634]= 1971
[501642, 501614, 501616, 201634]= 760
[501642, 501614, 501617, 501618]= 783
[501642, 501614, 501617, 201634]= 840
[501642, 501614, 501618, 201634]= 871
[501642, 501620, 501616, 501617]= 877
[501642, 501620, 501616, 501618]= 739
[501642, 501620, 501616, 201634]= 918
[501642, 501620, 501617, 501618]= 1080
[501642, 501620, 501617, 201634]= 1185
[501642, 501620, 501618, 201634]= 1168
[501642, 501616, 501617, 501618]= 1191
[501642, 501616, 501617, 201634]= 1467
[501642, 501616, 501618, 201634]= 1267
[501642, 501617, 501618, 201634]= 1779
[501604, 501614, 501616, 501617]= 1350
[501604, 501614, 501616, 501618]= 1076
[501604, 501614, 501616, 201634]= 1420
[501604, 501614, 501617, 501618]= 1136
[501604, 501614, 501617, 201634]= 1323
[501604, 501614, 501618, 201634]= 1223
[501604, 501620, 501616, 501617]= 1298
[501604, 501620, 501616, 501618]= 1161
[501604, 501620, 501616, 201634]= 1376
[501604, 501620, 501617, 501618]= 1370
[501604, 501620, 501617, 201634]= 1423
[501604, 501620, 501618, 201634]= 1452
[501604, 501616, 501617, 501618]= 1734
[501604, 501616, 501617, 201634]= 2147
[501604, 501616, 501618, 201634]= 1882
[501604, 501617, 501618, 201634]= 2015
[501625, 501641, 501618, 201634]= 967
[501625, 501614, 501620, 501617]= 1180
[501625, 501614, 501620, 501618]= 1220
[501625, 501614, 501620, 201634]= 1150
[501625, 501614, 501616, 501617]= 1630
[501625, 501614, 501616, 501618]= 1655
[501625, 501614, 501616, 201634]= 1744
[501625, 501614, 501617, 501618]= 2088
[501625, 501614, 501617, 201634]= 2017
[501625, 501614, 501618, 201634]= 2156
[501625, 501620, 501616, 501617]= 1710
[501625, 501620, 501616, 501618]= 1648
[501625, 501620, 501616, 201634]= 1783
[501625, 501620, 501617, 501618]= 2430
[501625, 501620, 501617, 201634]= 2376
[501625, 501620, 501618, 201634]= 2553
[501625, 501616, 501617, 501618]= 2687
[501625, 501616, 501617, 201634]= 2828
[501625, 501616, 501618, 201634]= 2890
[501625, 501617, 501618, 201634]= 3972
[501641, 501614, 501616, 201634]= 1132
[501641, 501614, 501617, 501618]= 1172
[501641, 501614, 501617, 201634]= 1301
[501641, 501614, 501618, 201634]= 1255
[501641, 501620, 501616, 501617]= 1240
[501641, 501620, 501616, 501618]= 1065
[501641, 501620, 501616, 201634]= 1309
[501641, 501620, 501617, 501618]= 1474
[501641, 501620, 501617, 201634]= 1586
[501641, 501620, 501618, 201634]= 1603
[501641, 501616, 501617, 501618]= 1643
[501641, 501616, 501617, 201634]= 2096
[501641, 501616, 501618, 201634]= 1840
[501641, 501617, 501618, 201634]= 2533
[501614, 501620, 501616, 501617]= 3092
[501614, 501620, 501616, 501618]= 2781
[501614, 501620, 501616, 201634]= 3391
[501614, 501620, 501617, 501618]= 3576
[501614, 501620, 501617, 201634]= 3868
[501614, 501620, 501618, 201634]= 3778
[501614, 501616, 501617, 501618]= 5049
[501614, 501616, 501617, 201634]= 6166
[501614, 501616, 501618, 201634]= 5605
[501614, 501617, 501618, 201634]= 6701
[501620, 501616, 501617, 501618]= 5887
[501620, 501616, 501617, 201634]= 7099
[501620, 501616, 501618, 201634]= 6191
[501620, 501617, 501618, 201634]= 8680
[501616, 501617, 501618, 201634]= 10785
3 : 371

[233029, 233022, 233019]= 759
[233029, 233022, 233018]= 690
[233029, 233019, 233018]= 582
[501619, 501640, 501617]= 321
[501619, 501640, 501618]= 335
[501619, 501640, 201634]= 385
[501619, 501622, 501620]= 394
[501619, 501622, 501617]= 391
[501619, 501622, 501618]= 439
[501619, 501622, 201634]= 424
[501619, 501632, 501620]= 404
[501619, 501632, 501617]= 423
[501619, 501632, 501618]= 497
[501619, 501632, 201634]= 517
[501619, 501615, 501620]= 368
[501619, 501615, 501616]= 309
[501619, 501615, 501617]= 409
[501619, 501615, 501618]= 398
[501619, 501615, 201634]= 469
[501619, 501626, 501620]= 412
[501619, 501626, 501617]= 420
[501619, 501626, 501618]= 455
[501619, 501626, 201634]= 489
[501619, 501642, 501618]= 318
[501619, 501642, 201634]= 342
[501619, 501604, 501620]= 384
[501619, 501604, 501616]= 337
[501619, 501604, 501617]= 389
[501619, 501604, 501618]= 400
[501619, 501604, 201634]= 479
[501619, 501625, 501620]= 424
[501619, 501625, 501616]= 357
[501619, 501625, 501617]= 466
[501619, 501625, 501618]= 564
[501619, 501625, 201634]= 526
[501619, 501641, 501620]= 414
[501619, 501641, 501616]= 339
[501619, 501641, 501617]= 450
[501619, 501641, 501618]= 499
[501619, 501641, 201634]= 599
[501619, 501614, 501620]= 557
[501619, 501614, 501616]= 499
[501619, 501614, 501617]= 643
[501619, 501614, 501618]= 698
[501619, 501614, 201634]= 696
[501619, 501620, 501616]= 773
[501619, 501620, 501617]= 1149
[501619, 501620, 501618]= 1227
[501619, 501620, 201634]= 1352
[501619, 501616, 501617]= 899
[501619, 501616, 501618]= 869
[501619, 501616, 201634]= 1050
[501619, 501617, 501618]= 1463
[501619, 501617, 201634]= 1465
[501619, 501618, 201634]= 1610
[252221, 175721, 252200]= 608
[501640, 501622, 501620]= 408
[501640, 501622, 501617]= 434
[501640, 501622, 501618]= 428
[501640, 501622, 201634]= 476
[501640, 501632, 501620]= 475
[501640, 501632, 501616]= 373
[501640, 501632, 501617]= 555
[501640, 501632, 501618]= 599
[501640, 501632, 201634]= 670
[501640, 501615, 501620]= 377
[501640, 501615, 501616]= 372
[501640, 501615, 501617]= 427
[501640, 501615, 501618]= 405
[501640, 501615, 201634]= 518
[501640, 501626, 501620]= 456
[501640, 501626, 501616]= 343
[501640, 501626, 501617]= 495
[501640, 501626, 501618]= 536
[501640, 501626, 201634]= 575
[501640, 501642, 501617]= 347
[501640, 501642, 501618]= 378
[501640, 501642, 201634]= 473
[501640, 501604, 501620]= 432
[501640, 501604, 501616]= 425
[501640, 501604, 501617]= 437
[501640, 501604, 501618]= 463
[501640, 501604, 201634]= 527
[501640, 501625, 501620]= 461
[501640, 501625, 501616]= 399
[501640, 501625, 501617]= 585
[501640, 501625, 501618]= 597
[501640, 501625, 201634]= 602
[501640, 501641, 501620]= 485
[501640, 501641, 501616]= 397
[501640, 501641, 501617]= 535
[501640, 501641, 501618]= 565
[501640, 501641, 201634]= 714
[501640, 501614, 501620]= 514
[501640, 501614, 501616]= 561
[501640, 501614, 501617]= 651
[501640, 501614, 501618]= 680
[501640, 501614, 201634]= 761
[501640, 501620, 501616]= 827
[501640, 501620, 501617]= 1194
[501640, 501620, 501618]= 1120
[501640, 501620, 201634]= 1309
[501640, 501616, 501617]= 1083
[501640, 501616, 501618]= 937
[501640, 501616, 201634]= 1196
[501640, 501617, 501618]= 1459
[501640, 501617, 201634]= 1544
[501640, 501618, 201634]= 1614
[233022, 233019, 233018]= 728
[223009, 223004, 224004]= 796
[245027, 501617, 501618]= 444
[501622, 501632, 501620]= 671
[501622, 501632, 501617]= 775
[501622, 501632, 501618]= 791
[501622, 501632, 201634]= 782
[501622, 501615, 501620]= 624
[501622, 501615, 501616]= 554
[501622, 501615, 501617]= 722
[501622, 501615, 501618]= 651
[501622, 501615, 201634]= 725
[501622, 501626, 501625]= 601
[501622, 501626, 501620]= 953
[501622, 501626, 501616]= 691
[501622, 501626, 501617]= 1030
[501622, 501626, 501618]= 1087
[501622, 501626, 201634]= 1188
[501622, 501642, 501617]= 594
[501622, 501642, 501618]= 625
[501622, 501642, 201634]= 679
[501622, 501604, 501620]= 628
[501622, 501604, 501616]= 608
[501622, 501604, 501617]= 705
[501622, 501604, 501618]= 695
[501622, 501604, 201634]= 704
[501622, 501625, 501641]= 567
[501622, 501625, 501614]= 764
[501622, 501625, 501620]= 1177
[501622, 501625, 501616]= 947
[501622, 501625, 501617]= 1446
[501622, 501625, 501618]= 1518
[501622, 501625, 201634]= 1568
[501622, 501641, 501614]= 560
[501622, 501641, 501620]= 835
[501622, 501641, 501616]= 716
[501622, 501641, 501617]= 1092
[501622, 501641, 501618]= 1052
[501622, 501641, 201634]= 1171
[501622, 501614, 501620]= 1147
[501622, 501614, 501616]= 1084
[501622, 501614, 501617]= 1486
[501622, 501614, 501618]= 1564
[501622, 501614, 201634]= 1569
[501622, 501620, 501616]= 1762
[501622, 501620, 501617]= 2853
[501622, 501620, 501618]= 2733
[501622, 501620, 201634]= 2830
[501622, 501616, 501617]= 2239
[501622, 501616, 501618]= 2066
[501622, 501616, 201634]= 2277
[501622, 501617, 501618]= 3543
[501622, 501617, 201634]= 3476
[501622, 501618, 201634]= 3591
[501632, 501615, 501620]= 619
[501632, 501615, 501617]= 715
[501632, 501615, 501618]= 729
[501632, 501615, 201634]= 830
[501632, 501626, 501620]= 750
[501632, 501626, 501617]= 897
[501632, 501626, 501618]= 989
[501632, 501626, 201634]= 1099
[501632, 501604, 501620]= 815
[501632, 501604, 501616]= 858
[501632, 501604, 501617]= 887
[501632, 501604, 501618]= 1046
[501632, 501604, 201634]= 1110
[501632, 501625, 501614]= 647
[501632, 501625, 501620]= 836
[501632, 501625, 501616]= 779
[501632, 501625, 501617]= 1086
[501632, 501625, 501618]= 1263
[501632, 501625, 201634]= 1206
[501632, 501641, 501620]= 889
[501632, 501641, 501616]= 757
[501632, 501641, 501617]= 994
[501632, 501641, 501618]= 1149
[501632, 501641, 201634]= 1423
[501632, 501614, 501620]= 950
[501632, 501614, 501616]= 1099
[501632, 501614, 501617]= 1371
[501632, 501614, 501618]= 1513
[501632, 501614, 201634]= 1572
[501632, 501620, 501616]= 1420
[501632, 501620, 501617]= 2029
[501632, 501620, 501618]= 2106
[501632, 501620, 201634]= 2295
[501632, 501616, 501617]= 1927
[501632, 501616, 501618]= 1964
[501632, 501616, 201634]= 2278
[501632, 501617, 501618]= 2944
[501632, 501617, 201634]= 2972
[501632, 501618, 201634]= 3412
[501615, 501626, 501620]= 762
[501615, 501626, 501617]= 829
[501615, 501626, 501618]= 842
[501615, 501626, 201634]= 932
[501615, 501642, 201634]= 767
[501615, 501604, 501620]= 818
[501615, 501604, 501616]= 1058
[501615, 501604, 501617]= 928
[501615, 501604, 501618]= 945
[501615, 501604, 201634]= 1195
[501615, 501625, 501620]= 793
[501615, 501625, 501616]= 884
[501615, 501625, 501617]= 1082
[501615, 501625, 501618]= 1066
[501615, 501625, 201634]= 1146
[501615, 501641, 501620]= 720
[501615, 501641, 501616]= 768
[501615, 501641, 501617]= 920
[501615, 501641, 501618]= 858
[501615, 501641, 201634]= 1112
[501615, 501614, 501620]= 1125
[501615, 501614, 501616]= 1575
[501615, 501614, 501617]= 1679
[501615, 501614, 501618]= 1602
[501615, 501614, 201634]= 1975
[501615, 501620, 501616]= 2048
[501615, 501620, 501617]= 2420
[501615, 501620, 501618]= 2202
[501615, 501620, 201634]= 2713
[501615, 501616, 501617]= 2961
[501615, 501616, 501618]= 2454
[501615, 501616, 201634]= 3515
[501615, 501617, 501618]= 3202
[501615, 501617, 201634]= 3752
[501615, 501618, 201634]= 3621
[501626, 501642, 501618]= 684
[501626, 501642, 201634]= 798
[501626, 501604, 501620]= 771
[501626, 501604, 501616]= 785
[501626, 501604, 501617]= 839
[501626, 501604, 501618]= 930
[501626, 501604, 201634]= 978
[501626, 501625, 501614]= 716
[501626, 501625, 501620]= 1080
[501626, 501625, 501616]= 928
[501626, 501625, 501617]= 1313
[501626, 501625, 501618]= 1456
[501626, 501625, 201634]= 1511
[501626, 501641, 501620]= 894
[501626, 501641, 501616]= 783
[501626, 501641, 501617]= 1100
[501626, 501641, 501618]= 1141
[501626, 501641, 201634]= 1367
[501626, 501614, 501620]= 1125
[501626, 501614, 501616]= 1209
[501626, 501614, 501617]= 1506
[501626, 501614, 501618]= 1521
[501626, 501614, 201634]= 1691
[501626, 501620, 501616]= 1788
[501626, 501620, 501617]= 2584
[501626, 501620, 501618]= 2693
[501626, 501620, 201634]= 2987
[501626, 501616, 501617]= 2280
[501626, 501616, 501618]= 2122
[501626, 501616, 201634]= 2625
[501626, 501617, 501618]= 3267
[501626, 501617, 201634]= 3546
[501626, 501618, 201634]= 3909
[501642, 501604, 501617]= 677
[501642, 501604, 501618]= 711
[501642, 501604, 201634]= 883
[501642, 501625, 501620]= 688
[501642, 501625, 501617]= 901
[501642, 501625, 501618]= 968
[501642, 501625, 201634]= 1035
[501642, 501614, 501620]= 923
[501642, 501614, 501616]= 1183
[501642, 501614, 501617]= 1345
[501642, 501614, 501618]= 1383
[501642, 501614, 201634]= 1692
[501642, 501620, 501616]= 1544
[501642, 501620, 501617]= 2012
[501642, 501620, 501618]= 1975
[501642, 501620, 201634]= 2440
[501642, 501616, 501617]= 2294
[501642, 501616, 501618]= 1997
[501642, 501616, 201634]= 2737
[501642, 501617, 501618]= 2856
[501642, 501617, 201634]= 3309
[501642, 501618, 201634]= 3387
[501604, 501625, 501620]= 1027
[501604, 501625, 501616]= 1170
[501604, 501625, 501617]= 1219
[501604, 501625, 501618]= 1325
[501604, 501625, 201634]= 1433
[501604, 501641, 501620]= 1023
[501604, 501641, 501616]= 1155
[501604, 501641, 501617]= 1187
[501604, 501641, 501618]= 1293
[501604, 501641, 201634]= 1626
[501604, 501614, 501620]= 1332
[501604, 501614, 501616]= 2238
[501604, 501614, 501617]= 2121
[501604, 501614, 501618]= 2002
[501604, 501614, 201634]= 2560
[501604, 501620, 501616]= 2415
[501604, 501620, 501617]= 2518
[501604, 501620, 501618]= 2528
[501604, 501620, 201634]= 3120
[501604, 501616, 501617]= 3490
[501604, 501616, 501618]= 3121
[501604, 501616, 201634]= 4407
[501604, 501617, 501618]= 3465
[501604, 501617, 201634]= 4028
[501604, 501618, 201634]= 4171
[501625, 501641, 501620]= 1091
[501625, 501641, 501616]= 1157
[501625, 501641, 501617]= 1484
[501625, 501641, 501618]= 1635
[501625, 501641, 201634]= 1819
[501625, 501614, 501620]= 1883
[501625, 501614, 501616]= 2693
[501625, 501614, 501617]= 3152
[501625, 501614, 501618]= 3438
[501625, 501614, 201634]= 3522
[501625, 501620, 501616]= 2846
[501625, 501620, 501617]= 3842
[501625, 501620, 501618]= 4063
[501625, 501620, 201634]= 4267
[501625, 501616, 501617]= 4382
[501625, 501616, 501618]= 4455
[501625, 501616, 201634]= 5065
[501625, 501617, 501618]= 6209
[501625, 501617, 201634]= 6257
[501625, 501618, 201634]= 7079
[501641, 501614, 501620]= 1350
[501641, 501614, 501616]= 1766
[501641, 501614, 501617]= 2100
[501641, 501614, 501618]= 2005
[501641, 501614, 201634]= 2510
[501641, 501620, 501616]= 2262
[501641, 501620, 501617]= 2800
[501641, 501620, 501618]= 2786
[501641, 501620, 201634]= 3422
[501641, 501616, 501617]= 3397
[501641, 501616, 501618]= 2934
[501641, 501616, 201634]= 4200
[501641, 501617, 501618]= 4105
[501641, 501617, 201634]= 4855
[501641, 501618, 201634]= 4999
[501614, 501620, 501616]= 5090
[501614, 501620, 501617]= 5924
[501614, 501620, 501618]= 5816
[501614, 501620, 201634]= 6792
[501614, 501616, 501617]= 9015
[501614, 501616, 501618]= 8218
[501614, 501616, 201634]= 10859
[501614, 501617, 501618]= 9912
[501614, 501617, 201634]= 11385
[501614, 501618, 201634]= 11479
[501620, 501616, 501617]= 10983
[501620, 501616, 501618]= 9433
[501620, 501616, 201634]= 12455
[501620, 501617, 501618]= 13486
[501620, 501617, 201634]= 14988
[501620, 501618, 201634]= 15126
[501616, 501617, 501618]= 15842
[501616, 501617, 201634]= 19668
[501616, 501618, 201634]= 18170
[501617, 501618, 201634]= 23469
2 : 592

[233029, 233022]= 1702
[233029, 233019]= 1660
[233029, 233018]= 1575
[220341, 162603]= 387
[501619, 501640]= 763
[501619, 501622]= 815
[501619, 501632]= 1001
[501619, 501615]= 884
[501619, 501626]= 961
[501619, 501642]= 671
[501619, 501604]= 917
[501619, 501625]= 967
[501619, 501641]= 1097
[501619, 501614]= 1201
[501619, 501620]= 2409
[501619, 501616]= 1757
[501619, 501617]= 2580
[501619, 501618]= 2855
[501619, 201634]= 3403
[501619, 162603]= 346
[202030, 202017]= 394
[202030, 202312]= 340
[202030, 202307]= 372
[202030, 162603]= 391
[253113, 162603]= 409
[501609, 501642]= 355
[501609, 501620]= 492
[501609, 201209]= 309
[501609, 501616]= 478
[501609, 501617]= 505
[501609, 501618]= 832
[501609, 201634]= 553
[501609, 162603]= 428
[100426, 201531]= 339
[100426, 201550]= 1446
[100426, 201209]= 406
[100426, 162603]= 331
[210016, 132606]= 386
[210016, 162603]= 364
[252221, 175721]= 1485
[252221, 252200]= 1663
[252221, 162603]= 328
[173800, 165117]= 462
[173800, 101217]= 484
[173800, 162603]= 359
[175934, 162603]= 422
[184704, 162621]= 371
[184704, 162603]= 613
[252253, 162603]= 403
[202017, 202300]= 340
[202017, 202307]= 360
[202017, 162603]= 448
[252282, 175964]= 360
[252282, 252236]= 465
[252282, 175931]= 474
[252282, 175720]= 480
[252282, 162603]= 397
[152567, 245079]= 342
[152567, 152566]= 860
[152567, 253601]= 356
[152567, 152004]= 426
[152567, 201209]= 452
[152567, 501618]= 336
[152567, 162603]= 402
[346504, 201209]= 897
[346504, 162603]= 413
[245079, 152566]= 344
[245079, 201209]= 486
[245079, 162603]= 350
[210438, 210410]= 542
[210438, 162603]= 431
[185614, 162603]= 654
[501640, 501622]= 932
[501640, 501632]= 1328
[501640, 501615]= 994
[501640, 501626]= 1146
[501640, 501642]= 895
[501640, 501604]= 1068
[501640, 501625]= 1150
[501640, 501641]= 1400
[501640, 501614]= 1341
[501640, 501620]= 2441
[501640, 501616]= 2126
[501640, 501617]= 2830
[501640, 501618]= 2890
[501640, 201634]= 3664
[175721, 252200]= 1635
[175721, 162603]= 426
[144806, 162120]= 382
[144806, 162603]= 363
[214213, 201209]= 396
[206210, 206212]= 478
[206210, 201209]= 365
[206210, 162603]= 451
[250662, 162603]= 378
[245070, 245069]= 1363
[245070, 152004]= 1012
[245070, 201209]= 542
[245070, 162603]= 379
[174617, 162603]= 460
[161608, 161609]= 577
[161608, 161613]= 491
[161608, 162603]= 390
[175717, 175964]= 369
[175717, 175931]= 512
[175717, 175969]= 424
[175717, 175720]= 574
[175717, 162603]= 400
[209461, 209458]= 1186
[209461, 214307]= 371
[209461, 201209]= 424
[209461, 162603]= 372
[166118, 165117]= 460
[166118, 223006]= 410
[166118, 101217]= 607
[166118, 162603]= 417
[253612, 253603]= 991
[253612, 253601]= 1073
[253612, 245069]= 437
[253612, 152004]= 723
[253612, 201209]= 508
[253612, 162603]= 372
[245056, 245058]= 1121
[245056, 245069]= 483
[245056, 152004]= 664
[245056, 201209]= 475
[245056, 501616]= 407
[245056, 501617]= 493
[245056, 501618]= 497
[245056, 162603]= 449
[175964, 252225]= 415
[175964, 252236]= 432
[175964, 175931]= 726
[175964, 175969]= 537
[175964, 175720]= 766
[175964, 162603]= 407
[233022, 233019]= 1987
[233022, 233018]= 2066
[162102, 162101]= 678
[162102, 201209]= 479
[162102, 162603]= 405
[201252, 201253]= 1539
[201252, 162603]= 387
[152566, 152004]= 459
[152566, 201209]= 450
[152566, 162603]= 433
[210490, 162603]= 468
[101331, 501618]= 388
[101331, 201634]= 470
[101331, 162603]= 374
[252225, 252332]= 509
[252225, 175931]= 556
[252225, 175969]= 1039
[252225, 175720]= 439
[252225, 162603]= 477
[175962, 252236]= 447
[175962, 175720]= 737
[175962, 162603]= 482
[202608, 202300]= 401
[202608, 202307]= 407
[202608, 162603]= 485
[100285, 100284]= 1665
[100285, 219315]= 431
[100285, 219326]= 377
[158901, 158902]= 947
[158901, 162603]= 499
[216401, 501618]= 414
[216401, 201634]= 386
[245241, 217000]= 513
[245241, 152561]= 1262
[245241, 201209]= 466
[252200, 162603]= 421
[210212, 210460]= 524
[210212, 162603]= 501
[250639, 162603]= 507
[223009, 223008]= 633
[223009, 223004]= 1309
[223009, 224004]= 1873
[223009, 101217]= 561
[223009, 162603]= 406
[252332, 252236]= 420
[252332, 175969]= 850
[252332, 175720]= 473
[252332, 162603]= 461
[206212, 162603]= 491
[177565, 162603]= 442
[162128, 162129]= 412
[162128, 162127]= 1464
[162128, 162130]= 947
[162128, 162603]= 401
[250524, 162603]= 531
[221317, 162603]= 532
[157204, 157202]= 1151
[157204, 162603]= 558
[233019, 233018]= 1958
[209458, 214307]= 428
[209458, 201209]= 469
[209458, 162603]= 409
[221316, 162603]= 447
[210488, 162603]= 495
[206052, 206053]= 451
[206052, 162603]= 547
[202309, 202300]= 536
[202309, 202312]= 750
[202309, 202307]= 664
[202309, 162603]= 506
[100141, 152561]= 484
[220002, 220003]= 455
[220002, 214307]= 450
[220002, 201209]= 520
[220002, 162603]= 532
[219316, 219315]= 1339
[219316, 219326]= 592
[219316, 162603]= 442
[100284, 162603]= 448
[134504, 162603]= 633
[245027, 253601]= 502
[245027, 501620]= 557
[245027, 201209]= 684
[245027, 501616]= 669
[245027, 501617]= 737
[245027, 501618]= 841
[245027, 162603]= 562
[253614, 253613]= 4173
[219315, 219326]= 650
[252236, 175931]= 602
[252236, 175969]= 458
[252236, 175720]= 623
[252236, 162603]= 540
[221555, 162123]= 700
[221555, 162603]= 649
[175931, 175969]= 728
[175931, 175720]= 990
[175931, 162603]= 563
[220312, 220311]= 819
[220312, 201209]= 502
[220312, 162603]= 518
[201676, 162603]= 539
[209178, 209179]= 542
[209178, 162120]= 1128
[209178, 201209]= 466
[144803, 162129]= 529
[144803, 214307]= 509
[144803, 201209]= 564
[209158, 209179]= 753
[209158, 162603]= 533
[219325, 219326]= 2269
[101003, 101001]= 791
[101003, 201672]= 753
[101003, 201209]= 550
[101003, 162603]= 591
[161120, 161151]= 821
[161120, 162603]= 581
[187913, 162603]= 738
[213631, 152563]= 496
[213631, 152004]= 935
[213631, 201209]= 672
[213631, 501617]= 490
[213631, 501618]= 562
[213631, 201634]= 546
[167300, 167308]= 1101
[167300, 101217]= 867
[167300, 162603]= 590
[158902, 162603]= 666
[220013, 220014]= 739
[220013, 214307]= 534
[220013, 201209]= 571
[220013, 162603]= 538
[220311, 201209]= 511
[220311, 162603]= 584
[201320, 162603]= 617
[220004, 162603]= 700
[101001, 201672]= 907
[101001, 201209]= 548
[101001, 162603]= 577
[175969, 175720]= 670
[175969, 162603]= 617
[209179, 214307]= 526
[209179, 201209]= 569
[209179, 162603]= 533
[245068, 152004]= 518
[245068, 201209]= 624
[245068, 162603]= 685
[206045, 206060]= 598
[206045, 206044]= 574
[206045, 206053]= 593
[206045, 162603]= 710
[223157, 165117]= 600
[223157, 223006]= 796
[223157, 166110]= 587
[223157, 101217]= 984
[223157, 162603]= 752
[201325, 501616]= 582
[201325, 501617]= 637
[201325, 501618]= 772
[201325, 201634]= 802
[201325, 162603]= 607
[223008, 223004]= 804
[223008, 224004]= 2094
[223008, 167308]= 609
[223008, 101217]= 938
[223008, 162603]= 604
[220003, 162603]= 746
[201538, 201209]= 897
[201538, 162603]= 602
[167200, 166110]= 1192
[167200, 101217]= 1485
[167200, 162603]= 553
[201531, 201550]= 996
[501622, 501632]= 1477
[501622, 501615]= 1353
[501622, 501626]= 2100
[501622, 501642]= 1209
[501622, 501604]= 1372
[501622, 501625]= 2630
[501622, 501641]= 2105
[501622, 501614]= 2585
[501622, 501620]= 4910
[501622, 501616]= 3800
[501622, 501617]= 5849
[501622, 501618]= 5941
[501622, 201634]= 6459
[501622, 162603]= 602
[175720, 162603]= 720
[163317, 161151]= 643
[163317, 101217]= 654
[163317, 162603]= 743
[192401, 162603]= 581
[162602, 162603]= 750
[224169, 166110]= 898
[224169, 167308]= 689
[224169, 101217]= 1518
[224169, 162603]= 660
[204340, 201209]= 712
[204340, 162603]= 942
[253603, 152563]= 685
[253603, 253601]= 1260
[253603, 245069]= 840
[253603, 152004]= 1627
[253603, 201209]= 891
[501632, 501615]= 1571
[501632, 501626]= 1995
[501632, 501642]= 1050
[501632, 501604]= 2216
[501632, 501625]= 2214
[501632, 501641]= 2756
[501632, 501614]= 2658
[501632, 501620]= 4217
[501632, 501616]= 3962
[501632, 501617]= 5183
[501632, 501618]= 5923
[501632, 201634]= 6780
[501632, 162603]= 643
[162101, 201209]= 642
[162101, 162603]= 840
[223154, 223153]= 1987
[223154, 101217]= 707
[223154, 162603]= 676
[206060, 206053]= 773
[206060, 162603]= 870
[224171, 167308]= 1222
[224171, 101217]= 2240
[224171, 162603]= 686
[501615, 501626]= 1719
[501615, 501642]= 1323
[501615, 501604]= 2212
[501615, 501625]= 2029
[501615, 501641]= 1993
[501615, 501614]= 3117
[501615, 152004]= 660
[501615, 501620]= 4704
[501615, 501616]= 5556
[501615, 501617]= 6108
[501615, 501618]= 5824
[501615, 201634]= 7655
[501615, 162603]= 689
[210472, 162603]= 821
[163819, 101217]= 701
[163819, 162603]= 820
[501626, 501642]= 1465
[501626, 501604]= 1966
[501626, 501625]= 2598
[501626, 501641]= 2500
[501626, 501614]= 2803
[501626, 501620]= 5189
[501626, 501616]= 4365
[501626, 501617]= 5909
[501626, 501618]= 6496
[501626, 201634]= 7536
[501626, 162603]= 688
[162120, 162603]= 845
[210410, 162603]= 755
[223004, 224004]= 2867
[223004, 101217]= 868
[501642, 501604]= 1673
[501642, 501625]= 1763
[501642, 501641]= 1268
[501642, 501614]= 2716
[501642, 152004]= 687
[501642, 501620]= 4218
[501642, 501616]= 4484
[501642, 501617]= 5390
[501642, 501618]= 5596
[501642, 201634]= 7098
[501642, 162603]= 674
[217000, 152561]= 1279
[217000, 245069]= 778
[217000, 152004]= 1380
[210426, 162603]= 823
[152563, 253601]= 841
[152563, 152004]= 910
[152563, 501620]= 814
[152563, 201209]= 1396
[152563, 501616]= 942
[152563, 501617]= 1011
[152563, 501618]= 1112
[152563, 162603]= 900
[134444, 134442]= 1060
[134444, 162603]= 1109
[223160, 166110]= 724
[223160, 101217]= 1224
[223160, 162603]= 793
[214212, 201209]= 1734
[214212, 162603]= 820
[161114, 158907]= 783
[161114, 166110]= 742
[161114, 161151]= 1100
[161114, 101217]= 871
[161114, 162603]= 1023
[224004, 162603]= 1000
[162129, 162127]= 768
[162129, 162130]= 1148
[162129, 201209]= 862
[162129, 162603]= 788
[134442, 162603]= 1059
[253601, 245069]= 1168
[253601, 152004]= 2064
[253601, 201209]= 1139
[253601, 162603]= 798
[210402, 162603]= 958
[223153, 101217]= 879
[223153, 162603]= 893
[223302, 223006]= 1584
[223302, 101217]= 1631
[223302, 162603]= 885
[220014, 162603]= 961
[501604, 501625]= 2556
[501604, 501641]= 3134
[501604, 501614]= 4159
[501604, 152004]= 883
[501604, 501620]= 5518
[501604, 501616]= 7330
[501604, 501617]= 6868
[501604, 501618]= 7171
[501604, 201634]= 9476
[501604, 162603]= 913
[210406, 162603]= 1082
[224009, 166601]= 1112
[224009, 162603]= 1214
[220204, 202300]= 1165
[220204, 202312]= 1104
[220204, 202307]= 1173
[220204, 162603]= 1001
[206044, 206053]= 1129
[206044, 162603]= 1229
[206053, 162603]= 1145
[210460, 162603]= 1118
[162127, 162130]= 1582
[162127, 162603]= 1007
[165117, 223006]= 962
[165117, 101217]= 1901
[165117, 162603]= 1209
[166601, 162603]= 1445
[162138, 201634]= 988
[162138, 162603]= 1219
[501625, 501641]= 3111
[501625, 501614]= 5540
[501625, 501620]= 6946
[501625, 501616]= 7861
[501625, 501617]= 9859
[501625, 501618]= 11085
[501625, 201634]= 11795
[501625, 162603]= 1049
[161609, 161613]= 1498
[161609, 201634]= 1026
[161609, 162603]= 1176
[245058, 245069]= 995
[245058, 152004]= 1657
[245058, 501620]= 1089
[245058, 201209]= 1138
[245058, 501616]= 1414
[245058, 501617]= 1584
[245058, 501618]= 1646
[245058, 162603]= 1199
[162130, 162603]= 1063
[157202, 201634]= 996
[157202, 162603]= 1352
[202300, 202312]= 1443
[202300, 202307]= 1870
[202300, 162603]= 1300
[202312, 202307]= 2376
[202312, 162603]= 1235
[501641, 501614]= 4080
[501641, 152004]= 1053
[501641, 501620]= 6154
[501641, 501616]= 6943
[501641, 501617]= 8112
[501641, 501618]= 8357
[501641, 201634]= 10988
[501641, 162603]= 1025
[152561, 201209]= 1173
[152561, 501616]= 1049
[152561, 501617]= 1117
[152561, 501618]= 1123
[132606, 162603]= 1311
[158907, 161151]= 1388
[158907, 101217]= 1252
[158907, 162603]= 1398
[202307, 162603]= 1422
[220170, 162603]= 1747
[166655, 162603]= 1876
[150836, 162603]= 1616
[245069, 152004]= 4738
[245069, 201209]= 2057
[245069, 501616]= 1346
[245069, 501617]= 1506
[245069, 501618]= 1575
[245069, 162603]= 1558
[162140, 162603]= 1866
[161613, 201634]= 1417
[161613, 162603]= 1623
[221318, 161151]= 3418
[221318, 201634]= 1483
[221318, 162603]= 1782
[221168, 201634]= 1687
[221168, 162603]= 1712
[201550, 201209]= 1945
[201550, 501616]= 1693
[201550, 501617]= 1779
[201550, 501618]= 1925
[201550, 201634]= 2415
[201550, 162603]= 1594
[201672, 201209]= 2112
[201672, 162603]= 1637
[501614, 501620]= 10418
[501614, 501616]= 15882
[501614, 501617]= 16871
[501614, 501618]= 17154
[501614, 201634]= 20479
[501614, 162603]= 1680
[223006, 101217]= 3921
[223006, 201634]= 1683
[223006, 162603]= 1853
[214307, 201209]= 4067
[214307, 162603]= 1947
[166110, 167308]= 2041
[166110, 101217]= 6156
[166110, 162603]= 2024
[162604, 162603]= 2473
[162123, 162603]= 2729
[167308, 101217]= 4755
[167308, 162603]= 3083
[152004, 501620]= 2520
[152004, 201209]= 3156
[152004, 501616]= 3288
[152004, 501617]= 3493
[152004, 501618]= 3670
[152004, 162603]= 2921
[501620, 501616]= 19400
[501620, 501617]= 23790
[501620, 501618]= 23840
[501620, 201634]= 28082
[501620, 162603]= 2441
[162621, 201634]= 2550
[162621, 162603]= 2868
[161151, 101217]= 2549
[161151, 162603]= 3162
[101217, 501618]= 2534
[101217, 201634]= 2685
[101217, 162603]= 2718
[201209, 201634]= 3070
[201209, 162603]= 2991
[501616, 501617]= 29842
[501616, 501618]= 27086
[501616, 201634]= 35907
[501616, 162603]= 3028
[501617, 501618]= 35906
[501617, 201634]= 39452
[501617, 162603]= 3428
[501618, 201634]= 41727
[501618, 162603]= 3667
[201634, 162603]= 4163
1 : 204

162141= 6058
233029= 6121
220341= 6123
501619= 6134
202030= 6146
253113= 6174
501609= 6176
100426= 6200
210016= 6219
252221= 6266
173800= 6280
175934= 6383
184704= 6433
252253= 6460
202017= 6525
252282= 6547
152567= 6585
346504= 6619
245079= 6676
210438= 6739
185614= 6798
501640= 6829
175721= 6845
144806= 6846
214213= 6847
206210= 6847
250662= 6855
245070= 6896
174617= 6955
161608= 7010
175717= 7046
169309= 7163
209461= 7181
166118= 7186
253612= 7222
245056= 7288
175964= 7294
233022= 7305
162102= 7330
201252= 7354
152566= 7374
210490= 7385
101331= 7410
252225= 7443
175962= 7479
202608= 7490
100285= 7535
158901= 7656
216401= 7714
245241= 7752
252200= 7756
210212= 7808
250639= 7809
223009= 7863
252332= 7880
206212= 7901
177565= 7937
162128= 7995
250524= 8023
221317= 8084
157204= 8103
233019= 8138
209458= 8148
221316= 8336
210488= 8369
206052= 8372
202309= 8510
100141= 8528
220002= 8538
219316= 8656
100284= 8707
134504= 8743
245027= 8763
253614= 8805
219315= 8822
252236= 8845
100091= 8887
221555= 8970
175931= 9098
220312= 9118
201676= 9204
209178= 9223
144803= 9403
209158= 9423
219325= 9443
101003= 9604
201253= 9624
233018= 9626
161120= 9646
187913= 9679
213631= 9687
167300= 9722
158902= 9727
220013= 9814
192415= 9838
220311= 9969
201320= 10040
220004= 10052
101001= 10069
175969= 10071
209179= 10143
219326= 10220
245068= 10279
206045= 10427
223157= 10548
201325= 10572
132609= 10609
223008= 10652
220003= 10690
201538= 10833
167200= 10934
201531= 10982
501622= 11057
175720= 11290
163317= 11325
192401= 11350
162602= 11378
224169= 11539
204340= 11957
253603= 12059
253613= 12322
501632= 12378
162101= 12538
223154= 12695
206060= 12701
224171= 12848
501615= 12876
210472= 12883
163819= 12919
501626= 13182
162120= 13272
210410= 13330
223004= 13365
501642= 13397
217000= 13760
210426= 13903
152563= 14009
134444= 14172
223160= 14360
214212= 14382
161114= 14825
224004= 14991
162129= 15019
134442= 15094
132608= 15438
253601= 15687
210402= 15784
223153= 16413
223302= 16531
220014= 16704
162139= 16810
501604= 16819
210406= 16863
224009= 17197
220204= 17296
206044= 18166
206053= 18208
210460= 18392
162127= 18416
165117= 18809
166601= 18897
162138= 19023
501625= 19026
161609= 19042
245058= 19069
162130= 19384
157202= 19859
202300= 19931
202312= 20349
501641= 20454
152561= 20469
132606= 21401
158907= 21973
162124= 22296
202307= 22755
162608= 23291
220170= 24039
166655= 24535
150836= 25338
245069= 25826
162140= 27288
161613= 27537
221318= 29489
221168= 29525
201550= 29757
201672= 30608
501614= 31380
223006= 32262
214307= 32891
166110= 35136
162604= 36913
162123= 39538
167308= 43087
152004= 43559
501620= 46311
162621= 48050
161151= 48823
101217= 49618
201209= 54219
501616= 57169
501617= 63111
501618= 67243
201634= 78905
162603= 87259
